25,4
4294967279,60
4294967279,59
4294967279,57
4294967279,394
4294967279,415
4294967279,298
4294967279,56
4294967279,54
4294967279,52
4294967279,390
4294967279,297
4294967279,296
4294967279,295
4294967279,410
4294967279,440
4294967279,389
4294967279,51
4294967279,49
4294967279,48
4294967279,46
4294967279,44
4294967279,294
4294967279,414
4294967279,293
4294967279,292
4294967279,138
4294967279,278
4294967279,277
4294967279,276
4294967279,134
4294967279,413
4294967279,290
4294967279,283
4294967279,412
4294967279,272
4294967279,42
4294967279,41
4294967279,271
4294967279,39
4294967279,38
4294967279,36
4294967279,35
4294967279,34
4294967279,31
4294967279,269
4294967279,287
39,4
39,3
39,2
39,1
4294967278,350
4294967279,267
4294967279,286
8,2
4294967279,388
4294967279,285
4294967279,263
4294967279,387
28,4
30,4
4294967279,30
4294967279,28
4294967278,376
4294967279,439
4294967278,375
4294967279,386
4294967279,27
4294967279,26
4294967279,24
4294967279,23
4294967279,275
4294967279,281
4294967278,374
4294967279,438
4294967278,373
4294967278,372
4294967279,437
4294967278,256
4294967279,436
4294967278,371
4294967278,370
4294967279,435
4294967278,369
4294967279,434
4294967278,368
4294967279,433
4294967278,367
4294967279,432
4294967279,21
4294967278,366
4294967278,365
4294967294,75
4294967279,19
4294967279,18
4294967279,17
4294967279,15
4294967279,14
4294967279,13
4294967279,12
4294967279,11
4294967279,10
4294967294,76
4294967294,41
4294967278,246
4294967278,244
38,4
38,3
38,2
38,1
4294967278,242
0,7
4294967278,241
4294967294,471
8,4
4294967294,1420
4294967294,971
4294967294,29
4294967294,1019
4294967294,43
4294967294,107
4294967294,81
4294967294,91
4294967294,87
4294967294,85
4294967294,990
4294967294,51
4294967294,1421
4294967294,393
4294967278,364
4294967278,237
4294967294,8
4294967278,239
4294967279,431
4294967294,22
4294967294,473
4294967294,52
4294967294,474
4294967294,82
9,5
12,6
11,5
4294967294,18
4294967294,127
4294967294,126
4294967294,20
4294967294,13
4294967294,83
4294967294,1419
4294967294,30
4294967294,92
4294967294,88
24,4
4294967278,363
4294967278,347
4294967278,0
4294967279,430
4294967279,411
4294967279,0
4294967294,6
4294967278,235
4294967278,233
4294967278,231
4294967278,229
4294967278,227
4294967294,50
4294967294,477
4294967294,1020
9,4
4294967278,132
4294967278,131
4294967278,130
4294967278,129
4294967278,128
4294967278,127
4294967278,126
4294967278,125
4294967278,124
4294967278,123
4294967278,122
4294967278,121
4294967278,120
4294967278,119
4294967278,118
4294967278,117
4294967278,116
4294967278,115
4294967278,114
4294967278,113
4294967278,112
4294967278,111
4294967278,110
4294967278,109
4294967278,108
4294967278,104
4294967278,102
4294967278,101
4294967278,100
4294967278,98
4294967278,97
4294967278,96
4294967278,95
4294967278,94
4294967278,93
4294967278,92
4294967278,91
4294967278,90
4294967278,89
4294967278,87
4294967278,86
4294967278,85
4294967278,84
4294967278,83
4294967278,82
4294967278,81
4294967278,80
4294967278,79
4294967278,78
4294967278,77
4294967278,76
4294967278,75
4294967278,74
4294967278,73
4294967278,72
4294967278,71
4294967278,70
4294967278,69
4294967278,68
4294967278,67
4294967278,66
4294967278,65
4294967278,64
4294967278,63
4294967278,62
4294967278,61
4294967278,60
4294967278,59
4294967278,58
4294967278,57
4294967278,56
4294967278,55
4294967278,54
4294967278,53
4294967278,52
4294967279,63
4294967279,61
4294967279,58
4294967279,55
4294967279,53
4294967279,50
4294967279,47
4294967279,45
4294967279,43
4294967279,40
4294967279,37
4294967279,33
4294967279,32
4294967279,29
4294967279,25
4294967279,22
4294967279,20
4294967279,16
4294967279,9
4294967279,8
4294967279,7
4294967279,6
4294967279,5
4294967279,4
37,4
4294967294,1012
4294967294,1011
4294967294,1009
4294967294,1008
4294967294,1003
4294967294,992
4294967294,966
4294967294,964
4294967294,963
4294967294,962
4294967294,961
4294967294,60
4294967278,107
4294967278,225
4294967294,14
4294967294,12
4294967294,68
4294967294,11
4294967294,17
4294967294,99
4294967278,106
4294967278,223
4294967294,5
4294967294,419
4294967294,975
4294967294,186
4294967294,988
4294967294,989
4294967294,1035
4294967294,95
4294967294,96
4294967294,93
4294967294,94
4294967294,426
4294967294,0
4294967294,430
0,5
4294967278,99
4294967294,67
4294967294,42
4294967294,90
4294967294,86
4294967294,84
4294967294,1022
4294967294,28
4294967294,27
4294967294,25
